== runs=1
|                                 638901 |            3516 |       |        |       |         |
| approve                                |           21646 | 43425 |  45982 | 46264 |    1024 |
| burn                                   |           23741 | 30948 |  29054 | 33602 |     774 |
| mint                                   |           23872 | 44000 |  36231 | 70431 |     796 |
| transfer                               |           21840 | 38057 |  34269 | 51417 |     788 |
| transferFrom                           |           22144 | 40932 |  35145 | 57057 |    1022 |
|                             1583659 |            7686 |        |        |        |         |
| burn                                |           47576 |  52931 |  54250 |  54638 |     515 |
| mint                                |           51162 |  54808 |  51270 |  85716 |     534 |
| transfer                            |           47883 |  55040 |  52184 |  75019 |     526 |
== runs=200
|                                 657064 |            3600 |       |        |       |         |
| approve                                |           21646 | 43645 |  45976 | 46264 |    1076 |
| burn                                   |           23741 | 30995 |  29022 | 33570 |     739 |
| mint                                   |           23872 | 43740 |  36199 | 70363 |     771 |
| transfer                               |           21840 | 38711 |  34249 | 51373 |     796 |
| transferFrom                           |           22144 | 41482 |  35125 | 57025 |    1074 |
|                             1598588 |            7755 |        |        |        |         |
| burn                                |           47473 |  53013 |  54159 |  54529 |     480 |
| mint                                |           51047 |  54135 |  51275 |  85319 |     509 |
| transfer                            |           47724 |  55794 |  57336 |  74848 |     534 |
== runs=1000
|                                 670856 |            3668 |       |        |       |         |
| approve                                |           21646 | 43505 |  45988 | 46264 |    1031 |
| burn                                   |           23741 | 30967 |  29022 | 33570 |     786 |
| mint                                   |           23872 | 43903 |  36199 | 70291 |     771 |
| transfer                               |           21840 | 38426 |  34239 | 51363 |     794 |
| transferFrom                           |           22144 | 41654 |  35115 | 57015 |    1029 |
|                             1633696 |            7928 |        |        |        |         |
| burn                                |           47455 |  52858 |  54123 |  54511 |     527 |
| mint                                |           51041 |  54425 |  51149 |  85241 |     509 |
| transfer                            |           47693 |  55418 |  52780 |  74817 |     532 |
== runs=10000
|                                 771134 |            4149 |       |        |       |         |
| approve                                |           21616 | 43377 |  45940 | 46240 |    1022 |
| burn                                   |           23735 | 30910 |  29010 | 33570 |     777 |
| mint                                   |           23842 | 44074 |  36175 | 70375 |     792 |
| transfer                               |           21810 | 38547 |  34215 | 51339 |     791 |
| transferFrom                           |           22102 | 41148 |  35065 | 56965 |    1020 |
|                             1865657 |            9035 |       |        |        |         |
| burn                                |           47392 | 52739 |  54084 |  54446 |     518 |
| mint                                |           50975 | 54784 |  51326 |  85439 |     530 |
| transfer                            |           47567 | 55242 |  57179 |  74701 |     529 |
